2	50	-3.0	3.0	300
-72.58	49.16	-0.9093830234639458
99.33	43.14	0.1578758981319478
35.79	76.59	-1.4798542861068715
-30.43	-92.64	0.6309432347394159
63.88	-31.77	1.4987662163315196
-53.18	-82.61	-2.942219608920507
-69.23	-79.93	2.044247537443129
-97.32	69.23	-0.9957909225950654
-81.94	85.28	2.0624380455184883
5.02	-25.75	1.19599624185456
-73.24	12.37	-0.22690409922235677
52.51	-15.05	-0.34671464847423095
-64.55	-95.32	-1.050873655677528
-51.17	-5.69	0.7991315225603064
-42.47	-93.98	-0.5691930575941083
85.95	-46.49	-1.7041364292227774
75.25	86.62	1.9040259160964836
-95.99	-55.85	0.42387292115954045
-39.8	1.0	-1.8788692421548185
59.87	84.62	-2.96374499154826
71.91	81.27	-2.866063606618258
55.18	11.71	1.033667040577487
-87.96	75.25	2.0022760406767164
-75.25	57.19	2.0521139514649387
-31.1	-12.37	1.743710669409824
-4.35	-73.24	-1.53197288737279
-21.07	85.95	-0.31401450210915116
-73.91	97.32	0.8422763482590164
74.58	92.64	0.9692431258555889
-6.35	63.21	2.0289385900430763
-63.21	13.04	1.6707518141033906
-76.59	-51.17	0.1787763651081573
64.55	-89.3	0.46360180623106095
94.65	-43.14	1.6406308512022365
-80.6	39.8	0.4254303311930958
-43.81	31.77	1.8843450041704157
43.81	48.49	2.056429114069834
-59.87	46.49	-0.9718161363995826
-47.83	-37.79	-0.5834625316048312
-79.93	50.5	-1.1272595076745353
95.32	-69.23	0.44555484372011367
71.24	-75.25	-1.926032995509602
-7.02	61.2	1.8413553452892093
100.0	-60.54	1.462262890871439
97.32	-63.88	-2.994587915557675
-55.85	-75.92	1.1891275171315492
-17.06	-3.01	-1.214108066584236
23.08	-83.28	-1.7824317092386628
95.99	-9.7	-1.1062157784392255
-7.69	-9.03	0.9733154469001153
11.71	51.17	0.8951467125845951
16.39	-47.16	-0.6101662830639888
-51.84	-65.22	-0.7158636192873089
-83.95	47.83	-0.3788222417858641
-20.4	36.45	0.7405763742569083
-67.22	-77.93	-1.449150806507157
37.79	6.35	2.0371734663986985
-5.02	-61.2	0.015134405626734071
15.72	-61.87	-0.9998732291409227
-37.79	73.91	1.9463165894084646
-12.37	-29.1	2.0595899642369417
-19.73	-94.65	1.6997579706269597
-3.68	-43.81	-2.6810358636366516
86.62	49.83	-0.1742290455447043
51.17	-87.29	1.6731281762206691
5.69	-38.46	1.9505919069131705
-19.06	-44.48	2.0609044740850124
3.68	29.77	-0.7530698713317553
17.73	72.58	1.4031622980020693
75.92	93.98	1.991809148258831
-9.03	74.58	-0.8655820022391674
-25.75	83.95	1.3271832258735332
-29.1	44.48	-2.2721228998282568
-78.6	-81.27	-2.9959262952345713
39.13	87.29	0.9348570374744836
-96.66	59.2	-0.5569500001750916
22.41	28.43	-2.805263832244155
-59.2	-48.49	-0.7943148045790406
45.15	26.42	0.23329007371344224
-35.12	35.79	-0.7311575597035722
7.02	17.73	1.1210951463452732
-10.37	-85.95	-0.28074304946350526
0.33	87.96	2.056337018047255
-100.0	62.54	1.9870125982792965
-16.39	78.6	-2.4949954126870173
-86.62	18.39	1.0713407607648189
-91.97	-88.63	-2.2072554118370977
83.95	39.13	-2.19129535892608
51.84	-5.02	0.7009787905665168
-62.54	97.99	2.0608338614377253
-85.95	54.52	-0.013354002153020184
44.48	-29.77	1.5110721883301572
-49.16	-34.45	1.422428871993058
53.85	-10.37	-0.8314266814421943
57.86	-35.12	-0.09656213477789022
-24.41	95.99	1.853547420704697
46.49	77.26	-2.5616515055679403
43.14	57.86	1.7403099534020239
-15.05	-26.42	-2.5288505409756157
-56.52	55.18	1.9848448240827106
-22.41	15.72	-0.8489628935134125
-85.28	-27.76	-0.8207546163498325
-97.99	-13.04	-0.6947183214220748
-36.45	-95.99	1.2170672543593275
72.58	17.06	-2.883298051376849
73.24	51.84	-1.98998179029521
-57.19	71.91	1.9177976761294622
-39.13	24.41	-0.377048307895581
97.99	-57.86	-2.6052056960871384
35.12	4.35	-2.6525813718181332
61.87	20.4	0.6814011530561407
93.31	-42.47	1.6350555217632827
-43.14	69.9	0.9226920831777186
33.78	-7.02	-2.350692039048933
-41.14	-83.95	-2.8999125459951562
90.64	64.55	-0.813620863527669
85.28	73.24	-2.7687695209810705
-65.22	-32.44	-2.388546783690886
-33.11	27.09	0.503391144915559
18.39	90.64	2.0202604396958055
-29.77	-97.99	-0.8832833203257706
-83.28	-6.35	0.6612828828902226
78.6	-23.08	-0.9968317451467875
-94.65	-59.87	2.0401453997673658
-15.72	9.7	-2.999837008520634
34.45	-21.74	-2.9870060574390007
-27.76	-79.26	-2.7083556540052443
79.93	5.69	0.4087302760797097
-57.86	-49.83	1.1228126080218799
41.81	11.04	-0.2469219247914033
-48.49	10.37	0.3691283633183552
-13.71	-78.6	0.28742900791997705
-45.82	-89.97	0.2674077413622624
29.1	-96.66	-0.4401471795499782
89.97	91.97	0.0008160233007359352
24.41	91.3	1.1464341094838322
87.96	-30.43	1.9976817442031087
27.09	75.92	0.0759048757302696
-60.54	21.07	-0.40926512804779536
-14.38	93.31	-1.268451821955855
38.46	70.57	1.8197805419625712
88.63	61.87	1.8999316115604272
-37.12	-97.32	1.9594247638453766
83.28	37.79	-0.7724472878453963
82.61	89.3	0.7501327353733754
-40.47	-80.6	-2.847016109583171
-71.24	9.03	-0.17890180414795243
31.1	-45.15	2.0583249896233444
-9.7	-49.16	-0.9341832236959072
49.83	-56.52	1.597308509248429
-46.49	-74.58	-0.661267468804288
-2.34	-28.43	-2.31187725066194
-26.42	8.36	-0.04059521805997546
14.38	35.12	0.30663771610956697
92.64	15.05	0.6461110080100826
45.82	-70.57	-1.3224027895105688
-5.69	7.69	1.3660652366956385
69.9	-33.78	1.0323490247759475
21.74	-31.1	-2.929381145732288
-81.27	37.12	1.6288596949757161
-28.43	23.75	-2.9727894888387585
-90.64	-71.91	-2.7595338517224257
-41.81	-23.75	-2.016600155467688
2.34	-55.18	-0.4703760551896685
89.3	-45.82	1.0856295108357963
-17.73	83.28	0.34116617609142197
81.94	41.81	1.8045669286020836
-55.18	22.41	-0.2306469933501289
13.71	-84.62	1.3697469099538808
49.16	95.32	0.3723844182238052
87.29	29.1	1.230983061881985
-1.67	38.46	-0.939378584924959
-52.51	-85.28	-2.1488791527952875
79.26	-19.73	-0.5675047570656104
-82.61	-86.62	1.6457187271813343
58.53	79.26	-1.6345928124131377
-31.77	-11.04	2.0520496816946374
47.83	-51.84	-2.4601040199497066
28.43	16.39	-0.9788444162403319
93.98	-1.67	2.0622116705364353
-23.08	7.02	-0.07158196761166546
54.52	60.54	-0.03495069210909674
33.11	63.88	-0.9952516603271737
-45.15	-65.89	1.3357729483874832
-18.39	45.82	1.5647377881359474
-93.98	-87.96	1.7952314036491055
81.27	-18.39	2.0373734040390006
19.73	65.22	0.8474772807712743
6.35	19.73	1.9621363246276597
1.0	-100.0	1.5600301503404825
21.07	89.97	-2.1056092939105344
-95.32	-68.56	1.467146427633709
96.66	-39.8	-2.4254215013684526
-99.33	-15.72	1.2879570920723813
7.69	-64.55	-0.32032460268589263
-71.91	82.61	-0.8960267585866183
98.66	-54.52	-1.3962479981833051
9.03	53.85	-2.826745934257128
-11.71	-58.53	1.7255879592127517
76.59	45.15	1.3012644834144116
-8.36	-8.36	-0.10779997418956389
-25.08	1.67	2.0235865655959833
12.37	-71.24	1.8635347115536012
-68.56	-72.58	1.425789828028462
36.45	-67.89	0.04759308634770121
-67.89	21.74	0.10288924345585881
-3.01	98.66	-2.9805445503749985
26.42	59.87	1.1596100150225617
-54.52	-50.5	-1.7332085048306773
29.77	34.45	0.5830451215307906
-58.53	-47.83	0.038189757825405346
11.04	40.47	-0.6024045706874748
41.14	-40.47	-0.9222652341445671
-77.26	3.68	-1.3759329035012844
91.3	41.14	-0.967245704523619
-74.58	31.1	1.7648323731914684
48.49	53.18	-1.1821677738778038
42.47	66.56	0.8030563244659091
-98.66	-81.94	0.21352295496746
-0.33	65.89	1.7278323560662932
68.56	47.16	1.9737310363712435
10.37	25.75	-2.061508560397007
-91.3	-90.64	-2.9578621770768403
-47.16	55.85	-0.9988591842728052
-65.89	14.38	-2.9921705781000005
8.36	-93.31	-1.830993774811045
9.7	71.24	-2.915276295629334
56.52	77.93	2.013511607028381
63.21	-63.21	2.046649717835788
-50.5	-22.41	1.8282628845746203
-84.62	-53.85	-0.9640784444307149
62.54	-7.69	1.7700155008352392
-11.04	58.53	0.7800489725067794
-32.44	3.01	1.5297349543860694
50.5	-67.22	2.0622433753233484
65.22	-19.06	-0.5287963757774555
69.23	19.06	1.929349212328643
4.35	-14.38	0.1139366271802622
27.76	-99.33	-0.774126807477197
57.19	56.52	1.2874000895564957
39.8	32.44	-0.14358104087148393
17.06	-33.11	0.34603227785987256
-33.78	13.71	-0.49993216722899236
-49.83	67.89	2.029357987476784
-38.46	33.11	1.0771148763865857
73.91	-59.2	-0.5123609912062869
-34.45	-52.51	-0.989895455479453
-79.26	-21.07	-2.4392336977537914
61.2	-98.66	-0.8503984002965068
67.89	-17.73	1.2527502210333257
66.56	-3.68	-0.7084039925474125
20.4	-41.81	-0.6591730009301764
59.2	-62.54	-2.734526271993411
77.26	-27.09	0.2283682865704053
-61.2	30.43	0.60632313536668
-93.31	-41.14	0.7312631401644167
-88.63	81.94	1.2467339076488444
91.97	-11.71	-0.3909167629614839
53.18	-77.26	-0.9550965437047135
-53.85	100.0	-2.782581195718365
1.67	-25.08	0.543214438530047
15.05	94.65	-0.6361068463225162
23.75	43.81	-0.2636963907354226
-1.0	96.66	0.6011790731320765
-92.64	-73.91	-0.7940104110014051
37.12	88.63	1.388371440930594
-69.9	68.56	1.7973125587140157
-77.93	99.33	-2.593380958516458
84.62	-2.34	-2.9537848692135613
-61.87	52.51	1.606602772755441
31.77	-4.35	1.6998228833227689
25.75	-57.19	1.9346893623684662
-27.09	-16.39	-1.5835613793711891
-66.56	-24.41	-2.623007246343167
25.08	-1.0	1.970851449455267
-75.92	-37.12	1.4759316355933763
60.54	-76.59	-2.2314499543477426
32.44	-20.4	0.5498273947499668
-21.74	-35.79	-0.9451293367966238
-35.79	-0.33	0.1522600266028723
67.22	0.33	0.174789108886919
-23.75	25.08	1.0114909389835935
-89.97	-36.45	-1.6850405073802595
40.47	23.08	-0.8812733200014986
55.85	-69.9	1.8736715144203075
19.06	-39.13	1.8508485088710394
-89.3	-17.06	-0.15273807724275018
70.57	42.47	-0.43383860402259955
-87.29	-66.56	1.892858567703923
65.89	5.02	-0.9939111228546768
-63.88	-91.97	0.4979441444206839
3.01	2.34	-0.9848721454203048
-44.48	79.93	2.0036540435285204
77.93	80.6	-0.6856319095034692
13.04	33.78	2.014444857476738
-70.57	-13.71	0.8961419667511678
80.6	27.76	1.454910565040772
-13.04	-53.18	1.5452300255805784
30.43	67.22	1.5774200482467167
47.16	-91.3	-2.998533206561759
