1	50	-5.0	5.0	300
126.96	9.703435430162635
330.77	11.608883915510756
300.7	11.41886629233003
985.64	13.788610462515466
908.79	13.62642760729762
992.32	13.802105735844924
621.45	12.86732660765559
715.0	13.147360333921291
223.86	10.830955972643228
701.64	13.109689339217724
501.17	12.437877415565277
825.26	13.43381898793418
277.31	11.25747120066658
628.13	12.888675825222276
160.37	10.167399729906522
511.19	12.477391299902504
838.63	13.4659226372175
96.89	9.167688798546678
63.48	8.332710196396745
915.47	13.641058667039587
437.69	12.167586026583795
340.8	11.66845154136298
574.68	12.711103901524336
451.05	12.22758558636675
233.88	10.9181494908523
618.11	12.856565925748285
704.98	13.119173816960163
76.85	8.709567796560014
491.15	12.397567096150441
397.6	11.975916815557389
337.45	11.648752741909233
658.2	12.982053957190525
778.48	13.317254061391868
507.85	12.464306555275881
962.25	13.740625967012534
197.13	10.577846761812335
527.9	12.541598756143868
93.55	9.098257590208933
828.6	13.441887313830636
845.31	13.481771445494196
90.21	9.026329080384134
344.14	11.687900263638866
36.75	7.261970951390067
862.01	13.520852557003618
567.99	12.687725718558903
988.98	13.79536948180874
467.76	12.300181820780804
708.32	13.128613529248558
407.62	12.025571257623332
16.71	5.748258903589485
544.61	12.603808869614072
564.65	12.675951024744952
634.82	12.909831008829599
387.57	11.924946667514767
193.79	10.54384411037701
217.17	10.770549150807867
654.86	12.971894703067598
190.44	10.509148887200237
741.73	13.220665174039121
441.03	12.182755506155154
855.33	13.505311631737994
694.96	13.09058437483703
457.74	12.25696720153214
851.99	13.49749564818707
651.52	12.961683580136203
287.34	11.328280678767515
364.18	11.800780765417175
66.82	8.433714273394985
775.14	13.308665832563996
400.94	11.992605647496463
43.43	7.5878298338956345
257.27	11.108011098675945
354.16	11.745136784328253
50.12	7.868351620138559
748.41	13.238572460558194
73.51	8.621866689131272
167.06	10.248642117000145
875.38	13.551599573662134
10.02	4.799423607449537
768.46	13.291377940242931
902.11	13.611688724332653
674.91	13.032119862169786
310.73	11.48427485706533
591.38	12.768296641702827
551.29	12.628146541282936
390.91	11.942064443186975
878.72	13.559207350046991
751.76	13.247492903793304
821.92	13.42571798121206
581.36	12.73417762641025
982.29	13.781808183796263
237.22	10.94638923290551
504.51	12.451135641317054
410.96	12.041852514515202
958.91	13.733679060134152
942.2	13.698556698446323
253.93	11.081977995339583
841.97	13.473862740360008
795.19	13.359675701657933
273.97	11.23332400161327
3.34	2.935748696224627
284.0	11.304978360537302
370.87	11.837088661662706
524.56	12.528928721547242
731.71	13.193499978446917
955.57	13.72670793936794
327.43	11.588647450831353
601.4	12.801843352971368
203.81	10.644165440196597
922.15	13.655583469683505
938.86	13.691461856003489
173.74	10.326598309739897
644.84	12.94110359017352
808.56	13.39298178039601
721.69	13.16596072238613
20.05	6.093801120256781
815.24	13.4094168587341
210.49	10.708355432089316
995.66	13.80881937746208
711.66	13.138008896672353
872.04	13.543962747609669
417.64	12.074022724127905
684.93	13.061551163406081
414.3	12.058002301273415
447.71	12.21275359867869
805.21	13.38468850895229
103.58	9.299904657519969
46.78	7.733214283795327
130.3	9.754969562617502
484.46	12.370193790095607
811.9	13.401216201505052
868.7	13.536296649191438
267.29	11.1841369700524
23.39	6.388346424455658
494.49	12.411094343863356
150.35	10.039190070935454
831.94	13.449923221522237
461.08	12.271476072528813
243.9	11.001699927916244
541.26	12.591491182430262
133.65	9.805357638515217
33.41	7.076694439618778
30.07	6.872485446809912
70.16	8.52986172559527
561.31	12.66410659848207
735.05	13.202596102408044
798.53	13.36804811004436
761.78	13.273939308380172
183.76	10.438115371124809
945.54	13.70562646143569
444.37	12.197810794736911
481.12	12.356386091440285
13.36	5.328893127240156
116.94	9.540352041144716
765.12	13.282677630868921
521.22	12.516177910067455
247.24	11.02879204028025
537.92	12.579134273775294
260.61	11.133709690304263
925.49	13.662806504718034
668.23	13.01225559551038
781.83	13.32583111750566
290.68	11.351314621860706
367.53	11.819044238883745
611.43	12.834869300346973
584.7	12.745615426191474
6.68	4.077239094319162
297.36	11.396601622173925
882.06	13.566786296930655
725.03	13.175182672570205
420.98	12.089915839095964
404.28	12.00915637250673
571.33	12.699431496201166
895.42	13.59681810629194
170.4	10.288000012327359
83.53	8.874213001881673
350.82	11.726239362341518
932.18	13.677196216569047
968.93	13.75444780788992
608.09	12.82393208008452
280.66	11.281401339539809
317.41	11.526679721024427
320.75	11.547549692952472
554.63	12.64020521020564
557.97	12.652191608903982
801.87	13.376385615878144
213.83	10.739694035373917
106.92	9.362780423799
307.38	11.462665577486414
477.78	12.342482403433959
614.77	12.845747034375472
588.04	12.756988186120923
454.39	12.242308389341865
905.45	13.619071742951354
86.87	8.951716899015503
691.62	13.080963016495808
771.8	13.300040565796616
334.11	11.628917672272527
818.58	13.417584027839236
140.33	9.902195162760119
728.37	13.184362295666181
661.55	12.99219205342129
227.2	10.86044487485595
678.25	13.041978496612915
758.44	13.265162639147086
534.58	12.566700543640673
604.75	12.81293471939327
848.65	13.48964899996023
898.77	13.60427835021774
514.54	12.490429790030184
999.0	13.815510557964274
972.27	13.761323071968041
892.08	13.589352325060473
324.09	11.568204134141086
270.63	11.208881692276842
791.85	13.351268097271154
638.16	12.920309628542375
671.57	13.022212390556836
928.84	13.670025056670905
755.1	13.256347285128449
788.51	13.342824999719879
952.22	13.719691453919975
314.07	11.505589672720308
200.47	10.611280973855637
464.42	12.28588044746167
578.02	12.722674038581516
360.84	11.782404250339175
531.24	12.554189030867263
53.46	7.994932974491227
948.88	13.712671321653204
123.62	9.650538214232151
497.83	12.424530712687428
157.03	10.125569776842024
424.32	12.105683653565771
978.95	13.775003099909739
120.28	9.596203843788123
918.81	13.648334253950809
380.89	11.890265218046986
394.25	11.959036952179163
471.1	12.314381655104482
688.27	13.07126613306087
598.06	12.790723520087967
431.01	12.136897472248688
698.3	13.100159669419643
718.34	13.156668249895235
347.48	11.707161679489191
377.55	11.87269632909863
681.59	13.051788772994291
547.95	12.616014725361483
100.23	9.234790311221321
624.79	12.878029703121854
26.73	6.645029719255374
631.47	12.899265577293518
648.18	12.951420056037255
738.39	13.211651043863535
110.26	9.423739609294294
487.81	12.383947731826515
474.44	12.328481382116811
858.67	13.513097189355213
664.89	13.002248983467911
975.61	13.76817478236387
888.74	13.581858570430065
912.13	13.633756516383093
113.6	9.482895608561279
641.5	12.93073363353875
177.08	10.36446577505447
60.14	8.226332632925377
163.72	10.208494125439069
263.95	11.159082257877541
40.09	7.431529565790637
250.59	11.055601556816852
885.4	13.57433663198604
147.01	9.994559678098195
220.52	10.801025757725412
80.19	8.79358417374871
180.42	10.401629570373595
594.72	12.779541516035334
143.67	9.948910573282998
835.28	13.457926970476855
434.35	12.152300610549249
745.07	13.229638859163616
935.52	13.684341755538584
357.5	11.76385732007935
56.8	8.113977551356664
240.56	10.9742357788794
384.23	11.907681117022584
865.35	13.528577967913712
136.99	9.854362437526927
0.0	0.0
187.1	10.47394747261397
207.15	10.676517947281969
965.59	13.747548827632793
517.88	12.503345285118016
294.02	11.374086301303805
785.17	13.334346108060515
153.69	10.082846228497147
304.04	11.440885831098617
427.67	12.121374784297977
374.21	11.85497173845785
230.54	10.889505289555165
