Generation, Best Fitness, Average Fitness, Crossover Rate, Mutation Rate, Stagnation Count
22, -10.00, -1138.04, 0.70, 0.30, 0
23, -10.00, -1071.79, 0.70, 0.30, 1
24, -10.00, -1571.26, 0.70, 0.30, 2
25, -10.00, -1050.01, 0.70, 0.30, 3
26, -10.00, -1325.96, 0.70, 0.30, 4
27, -10.00, -1016.57, 0.70, 0.30, 5
28, -10.00, -1223.79, 0.70, 0.30, 6
29, -10.00, -891.49, 0.70, 0.30, 7
30, -10.00, -1409.70, 0.70, 0.30, 8
31, -10.00, -1040.16, 0.70, 0.30, 9
32, -10.00, -1207.71, 0.30, 0.70, 10
33, -10.00, -850.73, 0.30, 0.70, 11
34, -10.00, -1171.15, 0.30, 0.70, 12
35, -10.00, -907.51, 0.30, 0.70, 13
36, -10.00, -1393.33, 0.30, 0.70, 14
37, -10.00, -894.88, 0.30, 0.70, 15
38, -10.00, -1292.83, 0.30, 0.70, 16
39, -10.00, -931.28, 0.30, 0.70, 17
40, -10.00, -1381.76, 0.30, 0.70, 18
41, -10.00, -964.12, 0.30, 0.70, 19
42, -10.00, -1146.34, 0.30, 0.70, 20
43, -10.00, -825.98, 0.30, 0.70, 21
44, -10.00, -978.09, 0.30, 0.70, 22
45, -10.00, -750.12, 0.30, 0.70, 23
46, -10.00, -1253.73, 0.30, 0.70, 24
47, -10.00, -816.38, 0.30, 0.70, 25
48, -10.00, -1016.88, 0.30, 0.70, 26
49, -10.00, -693.27, 0.30, 0.70, 27
50, -10.00, -990.46, 0.30, 0.70, 28
51, -10.00, -745.75, 0.30, 0.70, 29
52, -10.00, -859.24, 0.30, 0.70, 30
53, -10.00, -689.70, 0.30, 0.70, 31
54, -10.00, -905.48, 0.30, 0.70, 32
55, -10.00, -738.96, 0.30, 0.70, 33
56, -10.00, -965.99, 0.30, 0.70, 34
57, -10.00, -719.40, 0.30, 0.70, 35
58, -10.00, -954.98, 0.30, 0.70, 36
59, -10.00, -679.78, 0.30, 0.70, 37
60, -10.00, -959.91, 0.30, 0.70, 38
61, -10.00, -614.64, 0.30, 0.70, 39
62, -10.00, -1196.83, 0.30, 0.70, 40
63, -10.00, -850.68, 0.30, 0.70, 41
64, -10.00, -1251.84, 0.30, 0.70, 42
65, -10.00, -947.66, 0.30, 0.70, 43
66, -10.00, -1367.62, 0.30, 0.70, 44
67, -10.00, -891.76, 0.30, 0.70, 45
68, -10.00, -1291.56, 0.30, 0.70, 46
69, -10.00, -822.83, 0.30, 0.70, 47
70, -10.00, -1494.18, 0.30, 0.70, 48
71, -10.00, -959.46, 0.30, 0.70, 49
72, -10.00, -1368.07, 0.30, 0.70, 50
73, -10.00, -936.37, 0.30, 0.70, 51
74, -10.00, -1228.99, 0.30, 0.70, 52
75, -10.00, -847.37, 0.30, 0.70, 53
76, -10.00, -1017.30, 0.30, 0.70, 54
77, -10.00, -773.08, 0.30, 0.70, 55
78, -10.00, -959.43, 0.30, 0.70, 56
79, -10.00, -785.56, 0.30, 0.70, 57
80, -10.00, -1170.30, 0.30, 0.70, 58
81, -10.00, -726.13, 0.30, 0.70, 59
82, -10.00, -1300.49, 0.30, 0.70, 60
83, -10.00, -808.41, 0.30, 0.70, 61
84, -10.00, -1379.68, 0.30, 0.70, 62
85, -10.00, -800.34, 0.30, 0.70, 63
86, -10.00, -1089.10, 0.30, 0.70, 64
87, -10.00, -693.58, 0.30, 0.70, 65
88, -10.00, -717.03, 0.30, 0.70, 66
89, -10.00, -554.46, 0.30, 0.70, 67
90, -10.00, -631.71, 0.30, 0.70, 68
91, -10.00, -531.87, 0.30, 0.70, 69
92, -10.00, -775.32, 0.30, 0.70, 70
93, -10.00, -533.20, 0.30, 0.70, 71
94, -10.00, -898.62, 0.30, 0.70, 72
95, -10.00, -565.73, 0.30, 0.70, 73
96, -10.00, -574.12, 0.30, 0.70, 74
97, -10.00, -538.92, 0.30, 0.70, 75
98, -10.00, -619.10, 0.30, 0.70, 76
99, -10.00, -545.88, 0.30, 0.70, 77
100, -10.00, -1281.91, 0.30, 0.70, 78
101, -10.00, -693.27, 0.30, 0.70, 79
102, -10.00, -918.53, 0.30, 0.70, 80
103, -10.00, -618.39, 0.30, 0.70, 81
104, -10.00, -636.19, 0.30, 0.70, 82
105, -10.00, -542.37, 0.30, 0.70, 83
106, -10.00, -634.38, 0.30, 0.70, 84
107, -10.00, -477.82, 0.30, 0.70, 85
108, -10.00, -988.88, 0.30, 0.70, 86
109, -10.00, -728.72, 0.30, 0.70, 87
110, -10.00, -1325.51, 0.30, 0.70, 88
111, -10.00, -821.46, 0.30, 0.70, 89
112, -10.00, -914.10, 0.30, 0.70, 90
113, -10.00, -670.20, 0.30, 0.70, 91
114, -10.00, -997.73, 0.30, 0.70, 92
115, -10.00, -746.95, 0.30, 0.70, 93
116, -10.00, -1211.19, 0.30, 0.70, 94
117, -10.00, -864.78, 0.30, 0.70, 95
118, -10.00, -1369.04, 0.30, 0.70, 96
119, -10.00, -830.91, 0.30, 0.70, 97
120, -10.00, -1115.78, 0.30, 0.70, 98
121, -10.00, -912.01, 0.30, 0.70, 99
122, -10.00, -1090.05, 0.30, 0.70, 100
123, -10.00, -804.11, 0.30, 0.70, 101
124, -10.00, -847.46, 0.30, 0.70, 102
125, -10.00, -653.24, 0.30, 0.70, 103
126, -10.00, -1053.17, 0.30, 0.70, 104
127, -10.00, -728.70, 0.30, 0.70, 105
128, -10.00, -1047.82, 0.30, 0.70, 106
129, -10.00, -653.45, 0.30, 0.70, 107
130, -10.00, -1246.25, 0.30, 0.70, 108
131, -10.00, -856.54, 0.30, 0.70, 109
132, -10.00, -1477.69, 0.30, 0.70, 110
133, -10.00, -1038.30, 0.30, 0.70, 111
134, -10.00, -1157.48, 0.30, 0.70, 112
135, -10.00, -890.15, 0.30, 0.70, 113
136, -10.00, -1011.80, 0.30, 0.70, 114
137, -10.00, -752.27, 0.30, 0.70, 115
138, -10.00, -1322.06, 0.30, 0.70, 116
139, -10.00, -889.99, 0.30, 0.70, 117
140, -10.00, -1270.88, 0.30, 0.70, 118
141, -10.00, -963.53, 0.30, 0.70, 119
142, -10.00, -1558.58, 0.30, 0.70, 120
143, -10.00, -980.61, 0.30, 0.70, 121
144, -10.00, -1560.37, 0.30, 0.70, 122
145, -10.00, -992.30, 0.30, 0.70, 123
146, -10.00, -1679.94, 0.30, 0.70, 124
147, -10.00, -1036.38, 0.30, 0.70, 125
148, -10.00, -1410.56, 0.30, 0.70, 126
149, -10.00, -996.00, 0.30, 0.70, 127

Final Best Program:
 in(x1);
in(x2);
while((x1 < x2)){
    out(x1);
}
if((4.0 > (! ! 10.0 > ! x2))){
    out(x2);
}

