Generation, Best Fitness, Average Fitness, Crossover Rate, Mutation Rate, Stagnation Count
0, -20.00, -3895.54, 0.80, 0.20, 0
1, -20.00, -3671.24, 0.80, 0.20, 1
2, -20.00, -2451.29, 0.80, 0.20, 2
3, -20.00, -829.09, 0.80, 0.20, 3
4, -20.00, -720.48, 0.80, 0.20, 4
5, -20.00, -731.40, 0.80, 0.20, 5
6, -20.00, -781.15, 0.80, 0.20, 6
7, -20.00, -857.78, 0.80, 0.20, 7
8, -20.00, -938.88, 0.80, 0.20, 8
9, -20.00, -875.20, 0.80, 0.20, 9
10, -20.00, -995.59, 0.50, 0.50, 10
11, -20.00, -1015.50, 0.50, 0.50, 11
12, -20.00, -1075.18, 0.50, 0.50, 12
13, -20.00, -1095.08, 0.50, 0.50, 13
14, -20.00, -1228.91, 0.50, 0.50, 14
15, -20.00, -1075.19, 0.50, 0.50, 15
16, -20.00, -1230.89, 0.50, 0.50, 16
17, -20.00, -1102.06, 0.50, 0.50, 17
18, -20.00, -1063.75, 0.50, 0.50, 18
19, -20.00, -1145.82, 0.50, 0.50, 19
20, -20.00, -1052.81, 0.50, 0.50, 20
21, -20.00, -1096.08, 0.50, 0.50, 21
22, -20.00, -1100.55, 0.50, 0.50, 22
23, -20.00, -1040.36, 0.50, 0.50, 23
24, -20.00, -992.60, 0.50, 0.50, 24
25, -20.00, -1130.42, 0.50, 0.50, 25
26, -20.00, -1216.97, 0.50, 0.50, 26
27, -20.00, -1074.68, 0.50, 0.50, 27
28, -20.00, -1021.97, 0.50, 0.50, 28
29, -20.00, -1115.48, 0.50, 0.50, 29
30, -20.00, -1034.40, 0.50, 0.50, 30
31, -20.00, -1083.63, 0.50, 0.50, 31
32, -20.00, -1168.71, 0.50, 0.50, 32
33, -20.00, -1094.59, 0.50, 0.50, 33
34, -20.00, -1145.34, 0.50, 0.50, 34
35, -20.00, -1023.44, 0.50, 0.50, 35
36, -20.00, -1162.25, 0.50, 0.50, 36
37, -20.00, -1135.37, 0.50, 0.50, 37
38, -20.00, -1123.46, 0.50, 0.50, 38
39, -20.00, -1020.47, 0.50, 0.50, 39
40, -20.00, -1043.85, 0.50, 0.50, 40
41, -20.00, -904.05, 0.50, 0.50, 41
42, -20.00, -1000.57, 0.50, 0.50, 42
43, -20.00, -1026.94, 0.50, 0.50, 43
44, -20.00, -1014.49, 0.50, 0.50, 44
45, -20.00, -956.78, 0.50, 0.50, 45
46, -20.00, -926.93, 0.50, 0.50, 46
47, -20.00, -914.50, 0.50, 0.50, 47
48, -20.00, -1020.46, 0.50, 0.50, 48
49, -20.00, -962.25, 0.50, 0.50, 49
50, -20.00, -1042.35, 0.50, 0.50, 50
51, -20.00, -928.41, 0.50, 0.50, 51
52, -20.00, -1054.30, 0.50, 0.50, 52
53, -20.00, -972.71, 0.50, 0.50, 53
54, -20.00, -1035.39, 0.50, 0.50, 54
55, -20.00, -938.38, 0.50, 0.50, 55
56, -20.00, -1040.87, 0.50, 0.50, 56
57, -20.00, -1014.01, 0.50, 0.50, 57
58, -20.00, -1208.52, 0.50, 0.50, 58
59, -20.00, -1056.79, 0.50, 0.50, 59
60, -20.00, -1040.38, 0.50, 0.50, 60
61, -20.00, -1053.32, 0.50, 0.50, 61
62, -20.00, -1063.26, 0.50, 0.50, 62
63, -20.00, -946.34, 0.50, 0.50, 63
64, -20.00, -1048.83, 0.50, 0.50, 64
65, -20.00, -1010.52, 0.50, 0.50, 65
66, -20.00, -1137.89, 0.50, 0.50, 66
67, -20.00, -865.75, 0.50, 0.50, 67
68, -20.00, -888.13, 0.50, 0.50, 68
69, -20.00, -881.17, 0.50, 0.50, 69
70, -20.00, -1023.45, 0.50, 0.50, 70
71, -20.00, -772.23, 0.50, 0.50, 71
72, -20.00, -974.20, 0.50, 0.50, 72
73, -20.00, -1069.22, 0.50, 0.50, 73
74, -20.00, -1051.32, 0.50, 0.50, 74
75, -20.00, -936.39, 0.50, 0.50, 75
76, -20.00, -997.09, 0.50, 0.50, 76
77, -20.00, -935.88, 0.50, 0.50, 77
78, -20.00, -940.87, 0.50, 0.50, 78
79, -20.00, -1050.32, 0.50, 0.50, 79
80, -20.00, -1028.93, 0.50, 0.50, 80
81, -20.00, -923.97, 0.50, 0.50, 81
82, -20.00, -983.66, 0.50, 0.50, 82
83, -20.00, -860.77, 0.50, 0.50, 83
84, -20.00, -921.96, 0.50, 0.50, 84
85, -20.00, -1025.95, 0.50, 0.50, 85
86, -20.00, -1025.45, 0.50, 0.50, 86
87, -20.00, -954.80, 0.50, 0.50, 87
88, -20.00, -860.28, 0.50, 0.50, 88
89, -20.00, -803.55, 0.50, 0.50, 89
90, -20.00, -991.61, 0.50, 0.50, 90
91, -20.00, -752.82, 0.50, 0.50, 91
92, -20.00, -739.38, 0.50, 0.50, 92
93, -20.00, -856.80, 0.50, 0.50, 93
94, -20.00, -735.89, 0.50, 0.50, 94
95, -20.00, -777.21, 0.50, 0.50, 95
96, -20.00, -744.87, 0.50, 0.50, 96
97, -20.00, -659.29, 0.50, 0.50, 97
98, -20.00, -602.58, 0.50, 0.50, 98
99, -20.00, -590.63, 0.50, 0.50, 99
100, -20.00, -686.15, 0.50, 0.50, 100
101, -20.00, -635.90, 0.50, 0.50, 101
102, -20.00, -755.81, 0.50, 0.50, 102
103, -20.00, -565.26, 0.50, 0.50, 103
104, -20.00, -538.90, 0.50, 0.50, 104
105, -20.00, -697.60, 0.50, 0.50, 105
106, -20.00, -768.24, 0.50, 0.50, 106
107, -20.00, -668.25, 0.50, 0.50, 107
108, -20.00, -737.39, 0.50, 0.50, 108
109, -20.00, -570.73, 0.50, 0.50, 109
110, -20.00, -645.86, 0.50, 0.50, 110
111, -20.00, -678.69, 0.50, 0.50, 111
112, -20.00, -790.62, 0.50, 0.50, 112
113, -20.00, -585.66, 0.50, 0.50, 113
114, -20.00, -789.14, 0.50, 0.50, 114
115, -20.00, -659.29, 0.50, 0.50, 115
116, -20.00, -743.37, 0.50, 0.50, 116
117, -20.00, -649.35, 0.50, 0.50, 117
118, -20.00, -598.10, 0.50, 0.50, 118
119, -20.00, -719.47, 0.50, 0.50, 119
120, -20.00, -711.03, 0.50, 0.50, 120
121, -20.00, -608.06, 0.50, 0.50, 121
122, -20.00, -737.39, 0.50, 0.50, 122
123, -20.00, -601.59, 0.50, 0.50, 123
124, -20.00, -631.93, 0.50, 0.50, 124
125, -20.00, -689.13, 0.50, 0.50, 125
126, -20.00, -789.62, 0.50, 0.50, 126
127, -20.00, -663.76, 0.50, 0.50, 127
128, -20.00, -610.03, 0.50, 0.50, 128
129, -20.00, -638.89, 0.50, 0.50, 129
130, -20.00, -588.14, 0.50, 0.50, 130
131, -20.00, -576.71, 0.50, 0.50, 131
132, -20.00, -568.25, 0.50, 0.50, 132
133, -20.00, -572.23, 0.50, 0.50, 133
134, -20.00, -688.65, 0.50, 0.50, 134
135, -20.00, -640.88, 0.50, 0.50, 135
