Generation, Best Fitness, Average Fitness
0, -59.90, -1034.22
1, -59.90, -975.93
2, -59.60, -877.16
3, -59.60, -749.09
4, -59.60, -564.36
5, -59.60, -398.53
6, -59.60, -209.35
7, -59.60, -59.60
8, -59.60, -59.60
9, -59.60, -59.60
10, -59.60, -59.60
11, -59.60, -59.60
12, -59.60, -59.60
13, -59.60, -59.60
14, -59.60, -59.60
15, -59.60, -59.60
16, -59.60, -59.60
17, -59.60, -59.60
18, -59.60, -59.60
19, -59.60, -59.60
20, -59.60, -59.60
21, -59.60, -59.60
22, -59.60, -59.60
23, -59.60, -59.60
24, -59.60, -59.60
25, -59.60, -59.60
26, -59.60, -59.60
27, -59.60, -59.60
28, -22.80, -59.23
29, -22.80, -59.23
30, -22.80, -58.86
31, -22.80, -58.50
32, -22.80, -57.76
33, -22.80, -57.02
34, -22.80, -55.18
35, -22.80, -51.87
36, -22.80, -48.86
37, 0.00, -38.60

Final Best Program:
 in(x0);
in(x2);
x0 = ! 5.0;
out((x0 + x2));
out((x1 >= x2));
                                                        x1 = x0;
x0 = (x2 and x0);
while(! 5.0){
    in(x0);
    in(x1);
}
x0 = ! 6.0;
in(x2);

