Generation, Best Fitness, Average Fitness, Crossover Rate, Mutation Rate, Stagnation Count
0, -36.00, -511272434.22, 0.80, 0.20, 0
1, -36.00, -34037.57, 0.80, 0.20, 1
2, -36.00, -22872901.96, 0.80, 0.20, 2
3, -36.00, -40964.86, 0.80, 0.20, 3
4, -36.00, -46428.07, 0.80, 0.20, 4
5, -36.00, -85096645.10, 0.80, 0.20, 5
6, -36.00, -30694.38, 0.80, 0.20, 6
7, -36.00, -39728.03, 0.80, 0.20, 7
8, -36.00, -32452.27, 0.80, 0.20, 8
9, -9.00, -46936.64, 0.80, 0.20, 0
10, -9.00, -42053.88, 0.80, 0.20, 1
11, -9.00, -55697.24, 0.80, 0.20, 2
12, -9.00, -42937.74, 0.80, 0.20, 3
13, -9.00, -35016787.87, 0.80, 0.20, 4
14, -9.00, -157856867.05, 0.80, 0.20, 5
15, -9.00, -45166.41, 0.80, 0.20, 6
16, -9.00, -281952319.33, 0.80, 0.20, 7
17, -9.00, -22655406.19, 0.80, 0.20, 8
18, -1.00, -33928.89, 0.80, 0.20, 0
19, -1.00, -59875.77, 0.80, 0.20, 1
20, -1.00, -50231.43, 0.80, 0.20, 2
21, -1.00, -63349.49, 0.80, 0.20, 3
22, -1.00, -151062437.40, 0.80, 0.20, 4
23, 0.00, -55551.41, 0.80, 0.20, 0

Final Best Program:
 out((788.0 - (792.0 == 788.0)));

Final Best Program after pruning:
 out((788.0 - (792.0 == 788.0)));

