1 1 -1.0 1.0 101
-1.0	2.0
-0.9801980198019802	1.960788158023723
-0.9603960396039604	1.9223605528869718
-0.9405940594059405	1.884717184589746
-0.9207920792079208	1.8478580531320459
-0.900990099009901	1.8117831585138713
-0.8811881188118812	1.776492500735222
-0.8613861386138614	1.7419860797960984
-0.8415841584158416	1.7082638956965002
-0.8217821782178218	1.675325948436428
-0.801980198019802	1.6431722380158809
-0.7821782178217822	1.6118027644348594
-0.7623762376237624	1.5812175276933633
-0.7425742574257426	1.551416527791393
-0.7227722772277227	1.5223997647289482
-0.7029702970297029	1.4941672385060287
-0.6831683168316831	1.466718949122635
-0.6633663366336633	1.4400548965787667
-0.6435643564356436	1.4141750808744242
-0.6237623762376238	1.389079502009607
-0.6039603960396039	1.3647681599843153
-0.5841584158415842	1.3412410547985494
-0.5643564356435644	1.3184981864523087
-0.5445544554455446	1.2965395549455936
-0.5247524752475248	1.2753651602784042
-0.504950495049505	1.25497500245074
-0.48514851485148514	1.2353690814626017
-0.4653465346534653	1.2165473973139889
-0.4455445544554455	1.1985099500049015
-0.4257425742574258	1.1812567395353397
-0.40594059405940597	1.1647877659053034
-0.38613861386138615	1.1491030291147926
-0.36633663366336633	1.1342025291638074
-0.3465346534653465	1.1200862660523478
-0.3267326732673267	1.1067542397804138
-0.306930693069307	1.0942064503480051
-0.28712871287128716	1.0824428977551221
-0.26732673267326734	1.0714635820017646
-0.24752475247524752	1.0612685030879325
-0.2277227722772277	1.051857661013626
-0.20792079207920788	1.0432310557788451
-0.18811881188118806	1.0353886873835898
-0.16831683168316836	1.02833055582786
-0.14851485148514854	1.0220566611116557
-0.12871287128712872	1.016567003234977
-0.1089108910891089	1.0118615821978239
-0.08910891089108908	1.007940398000196
-0.06930693069306926	1.004803450642094
-0.04950495049504955	1.0024507401235172
-0.02970297029702973	1.0008822664444663
-0.00990099009900991	1.0000980296049407
0.00990099009900991	1.0000980296049407
0.02970297029702973	1.0008822664444663
0.04950495049504955	1.0024507401235172
0.06930693069306937	1.004803450642094
0.08910891089108919	1.007940398000196
0.10891089108910901	1.0118615821978239
0.1287128712871286	1.016567003234977
0.14851485148514842	1.0220566611116557
0.16831683168316824	1.02833055582786
0.18811881188118806	1.0353886873835898
0.20792079207920788	1.0432310557788451
0.2277227722772277	1.051857661013626
0.24752475247524752	1.0612685030879325
0.26732673267326734	1.0714635820017646
0.28712871287128716	1.0824428977551221
0.306930693069307	1.0942064503480051
0.3267326732673268	1.1067542397804138
0.3465346534653466	1.1200862660523478
0.36633663366336644	1.1342025291638076
0.38613861386138604	1.1491030291147926
0.40594059405940586	1.1647877659053034
0.4257425742574257	1.1812567395353395
0.4455445544554455	1.1985099500049015
0.4653465346534653	1.2165473973139889
0.48514851485148514	1.2353690814626017
0.504950495049505	1.25497500245074
0.5247524752475248	1.2753651602784042
0.5445544554455446	1.2965395549455936
0.5643564356435644	1.3184981864523087
0.5841584158415842	1.3412410547985494
0.603960396039604	1.3647681599843153
0.6237623762376239	1.389079502009607
0.6435643564356435	1.414175080874424
0.6633663366336633	1.4400548965787667
0.6831683168316831	1.466718949122635
0.7029702970297029	1.4941672385060287
0.7227722772277227	1.5223997647289482
0.7425742574257426	1.551416527791393
0.7623762376237624	1.5812175276933633
0.7821782178217822	1.6118027644348594
0.801980198019802	1.6431722380158809
0.8217821782178218	1.675325948436428
0.8415841584158417	1.7082638956965006
0.8613861386138615	1.7419860797960984
0.8811881188118811	1.776492500735222
0.9009900990099009	1.811783158513871
0.9207920792079207	1.8478580531320459
0.9405940594059405	1.884717184589746
0.9603960396039604	1.9223605528869718
0.9801980198019802	1.960788158023723
1.0	2.0
